0.56	0.0
0.2800000000000001	0.48497422611928565
-0.2799999999999999	0.4849742261192857
-0.56	6.858022075225179e-17
-0.28000000000000025	-0.4849742261192856
0.27999999999999964	-0.4849742261192859
0.56	-0.9699484522385713
-0.56	-0.9699484522385712
-0.28000000000000025	-1.4549226783578568
0.27999999999999964	-1.4549226783578573
0.56	-1.9398969044771426
-0.56	-1.9398969044771426
-0.28000000000000025	-2.4248711305964283
0.27999999999999964	-2.4248711305964283
0.56	-2.909845356715714
-0.56	-2.909845356715714
-0.28000000000000025	-3.394819582835
0.27999999999999964	-3.394819582835
0.56	-3.879793808954285
-0.56	-3.879793808954285
-0.28000000000000025	-4.3647680350735705
0.27999999999999964	-4.364768035073571
0.56	-4.849742261192857
-0.56	-4.849742261192857
-0.28000000000000025	-5.334716487312142
0.27999999999999964	-5.334716487312143
0.56	-5.819690713431428
-0.56	-5.819690713431428
-0.28000000000000025	-6.3046649395507135
0.27999999999999964	-6.304664939550714
0.56	-6.789639165669999
-0.56	-6.789639165669999
-0.28000000000000025	-7.274613391789284
0.27999999999999964	-7.274613391789285
0.56	-7.75958761790857
-0.56	-7.75958761790857
-0.28000000000000025	-8.244561844027857
0.27999999999999964	-8.244561844027857
0.56	-8.729536070147143
-0.56	-8.729536070147143
-0.28000000000000025	-9.214510296266429
0.27999999999999964	-9.214510296266429
0.56	-9.699484522385713
-0.56	-9.699484522385713
-0.28000000000000025	-10.184458748505
0.27999999999999964	-10.184458748505
0.56	-10.669432974624284
-0.56	-10.669432974624284
-0.28000000000000025	-11.15440720074357
0.27999999999999964	-11.15440720074357
0.56	-11.639381426862856
-0.56	-11.639381426862856
-0.28000000000000025	-12.124355652982143
0.27999999999999964	-12.124355652982143
0.56	-12.609329879101429
-0.56	-12.609329879101429
-0.28000000000000025	-13.094304105220715
0.27999999999999964	-13.094304105220715
0.56	-13.579278331339998
-0.56	-13.579278331339998
-0.28000000000000025	-14.064252557459284
0.27999999999999964	-14.064252557459284
0.56	-14.549226783578568
-0.56	-14.549226783578568
-0.28000000000000025	-15.034201009697854
0.27999999999999964	-15.034201009697854
0.56	-15.51917523581714
-0.56	-15.51917523581714
-0.28000000000000025	-16.004149461936425
0.27999999999999964	-16.004149461936425
0.56	-16.489123688055713
-0.56	-16.489123688055713
-0.28000000000000025	-16.974097914174997
0.27999999999999964	-16.974097914174997
0.56	-17.459072140294285
-0.56	-17.459072140294285
-0.28000000000000025	-17.94404636641357
0.27999999999999964	-17.94404636641357
0.56	-18.429020592532854
-0.56	-18.429020592532854
-0.28000000000000025	-18.91399481865214
0.27999999999999964	-18.91399481865214
0.56	-19.398969044771427
-0.56	-19.398969044771427
-0.28000000000000025	-19.88394327089071
0.27999999999999964	-19.88394327089071
0.56	-20.36891749701
-0.56	-20.36891749701
-0.28000000000000025	-20.853891723129284
0.27999999999999964	-20.853891723129284
0.56	-21.338865949248568
-0.56	-21.338865949248568
-0.28000000000000025	-21.823840175367852
0.27999999999999964	-21.823840175367852
0.56	-22.30881440148714
-0.56	-22.30881440148714
-0.28000000000000025	-22.793788627606425
0.27999999999999964	-22.793788627606425
0.56	-23.278762853725713
-0.56	-23.278762853725713
-0.28000000000000025	-23.763737079844997
0.27999999999999964	-23.763737079844997
0.56	-24.248711305964285
-0.56	-24.248711305964285
-0.28000000000000025	-24.73368553208357
0.27999999999999964	-24.73368553208357
0.56	-25.218659758202858
-0.56	-25.218659758202858
-0.28000000000000025	-25.703633984322142
0.27999999999999964	-25.703633984322142
0.56	-26.188608210441426
-0.56	-26.188608210441426
-0.28000000000000025	-26.67358243656071
0.27999999999999964	-26.67358243656071
0.56	-27.158556662679995
-0.56	-27.158556662679995
-0.28000000000000025	-27.64353088879928
0.27999999999999964	-27.64353088879928
0.56	-28.128505114918568
-0.56	-28.128505114918568
-0.28000000000000025	-28.613479341037852
0.27999999999999964	-28.613479341037852
2.24	0.0
1.9600000000000002	0.48497422611928565
1.4000000000000004	0.4849742261192857
1.12	6.858022075225179e-17
1.4	-0.4849742261192856
1.9599999999999997	-0.4849742261192859
2.24	-0.9699484522385713
1.12	-0.9699484522385712
1.4	-1.4549226783578568
1.9599999999999997	-1.4549226783578573
2.24	-1.9398969044771426
1.12	-1.9398969044771426
1.4	-2.4248711305964283
1.9599999999999997	-2.4248711305964283
2.24	-2.909845356715714
1.12	-2.909845356715714
1.4	-3.394819582835
1.9599999999999997	-3.394819582835
2.24	-3.879793808954285
1.12	-3.879793808954285
1.4	-4.3647680350735705
1.9599999999999997	-4.364768035073571
2.24	-4.849742261192857
1.12	-4.849742261192857
1.4	-5.334716487312142
1.9599999999999997	-5.334716487312143
2.24	-5.819690713431428
1.12	-5.819690713431428
1.4	-6.3046649395507135
1.9599999999999997	-6.304664939550714
2.24	-6.789639165669999
1.12	-6.789639165669999
1.4	-7.274613391789284
1.9599999999999997	-7.274613391789285
2.24	-7.75958761790857
1.12	-7.75958761790857
1.4	-8.244561844027857
1.9599999999999997	-8.244561844027857
2.24	-8.729536070147143
1.12	-8.729536070147143
1.4	-9.214510296266429
1.9599999999999997	-9.214510296266429
2.24	-9.699484522385713
1.12	-9.699484522385713
1.4	-10.184458748505
1.9599999999999997	-10.184458748505
2.24	-10.669432974624284
1.12	-10.669432974624284
1.4	-11.15440720074357
1.9599999999999997	-11.15440720074357
2.24	-11.639381426862856
1.12	-11.639381426862856
1.4	-12.124355652982143
1.9599999999999997	-12.124355652982143
2.24	-12.609329879101429
1.12	-12.609329879101429
1.4	-13.094304105220715
1.9599999999999997	-13.094304105220715
2.24	-13.579278331339998
1.12	-13.579278331339998
1.4	-14.064252557459284
1.9599999999999997	-14.064252557459284
2.24	-14.549226783578568
1.12	-14.549226783578568
1.4	-15.034201009697854
1.9599999999999997	-15.034201009697854
2.24	-15.51917523581714
1.12	-15.51917523581714
1.4	-16.004149461936425
1.9599999999999997	-16.004149461936425
2.24	-16.489123688055713
1.12	-16.489123688055713
1.4	-16.974097914174997
1.9599999999999997	-16.974097914174997
2.24	-17.459072140294285
1.12	-17.459072140294285
1.4	-17.94404636641357
1.9599999999999997	-17.94404636641357
2.24	-18.429020592532854
1.12	-18.429020592532854
1.4	-18.91399481865214
1.9599999999999997	-18.91399481865214
2.24	-19.398969044771427
1.12	-19.398969044771427
1.4	-19.88394327089071
1.9599999999999997	-19.88394327089071
2.24	-20.36891749701
1.12	-20.36891749701
1.4	-20.853891723129284
1.9599999999999997	-20.853891723129284
2.24	-21.338865949248568
1.12	-21.338865949248568
1.4	-21.823840175367852
1.9599999999999997	-21.823840175367852
2.24	-22.30881440148714
1.12	-22.30881440148714
1.4	-22.793788627606425
1.9599999999999997	-22.793788627606425
2.24	-23.278762853725713
1.12	-23.278762853725713
1.4	-23.763737079844997
1.9599999999999997	-23.763737079844997
2.24	-24.248711305964285
1.12	-24.248711305964285
1.4	-24.73368553208357
1.9599999999999997	-24.73368553208357
2.24	-25.218659758202858
1.12	-25.218659758202858
1.4	-25.703633984322142
1.9599999999999997	-25.703633984322142
2.24	-26.188608210441426
1.12	-26.188608210441426
1.4	-26.67358243656071
1.9599999999999997	-26.67358243656071
2.24	-27.158556662679995
1.12	-27.158556662679995
1.4	-27.64353088879928
1.9599999999999997	-27.64353088879928
2.24	-28.128505114918568
1.12	-28.128505114918568
1.4	-28.613479341037852
1.9599999999999997	-28.613479341037852
3.9200000000000004	0.0
3.6400000000000006	0.48497422611928565
3.0800000000000005	0.4849742261192857
2.8000000000000003	6.858022075225179e-17
3.08	-0.4849742261192856
3.64	-0.4849742261192859
3.9200000000000004	-0.9699484522385713
2.8000000000000003	-0.9699484522385712
3.08	-1.4549226783578568
3.64	-1.4549226783578573
3.9200000000000004	-1.9398969044771426
2.8000000000000003	-1.9398969044771426
3.08	-2.4248711305964283
3.64	-2.4248711305964283
3.9200000000000004	-2.909845356715714
2.8000000000000003	-2.909845356715714
3.08	-3.394819582835
3.64	-3.394819582835
3.9200000000000004	-3.879793808954285
2.8000000000000003	-3.879793808954285
3.08	-4.3647680350735705
3.64	-4.364768035073571
3.9200000000000004	-4.849742261192857
2.8000000000000003	-4.849742261192857
3.08	-5.334716487312142
3.64	-5.334716487312143
3.9200000000000004	-5.819690713431428
2.8000000000000003	-5.819690713431428
3.08	-6.3046649395507135
3.64	-6.304664939550714
3.9200000000000004	-6.789639165669999
2.8000000000000003	-6.789639165669999
3.08	-7.274613391789284
3.64	-7.274613391789285
3.9200000000000004	-7.75958761790857
2.8000000000000003	-7.75958761790857
3.08	-8.244561844027857
3.64	-8.244561844027857
3.9200000000000004	-8.729536070147143
2.8000000000000003	-8.729536070147143
3.08	-9.214510296266429
3.64	-9.214510296266429
3.9200000000000004	-9.699484522385713
2.8000000000000003	-9.699484522385713
3.08	-10.184458748505
3.64	-10.184458748505
3.9200000000000004	-10.669432974624284
2.8000000000000003	-10.669432974624284
3.08	-11.15440720074357
3.64	-11.15440720074357
3.9200000000000004	-11.639381426862856
2.8000000000000003	-11.639381426862856
3.08	-12.124355652982143
3.64	-12.124355652982143
3.9200000000000004	-12.609329879101429
2.8000000000000003	-12.609329879101429
3.08	-13.094304105220715
3.64	-13.094304105220715
3.9200000000000004	-13.579278331339998
2.8000000000000003	-13.579278331339998
3.08	-14.064252557459284
3.64	-14.064252557459284
3.9200000000000004	-14.549226783578568
2.8000000000000003	-14.549226783578568
3.08	-15.034201009697854
3.64	-15.034201009697854
3.9200000000000004	-15.51917523581714
2.8000000000000003	-15.51917523581714
3.08	-16.004149461936425
3.64	-16.004149461936425
3.9200000000000004	-16.489123688055713
2.8000000000000003	-16.489123688055713
3.08	-16.974097914174997
3.64	-16.974097914174997
3.9200000000000004	-17.459072140294285
2.8000000000000003	-17.459072140294285
3.08	-17.94404636641357
3.64	-17.94404636641357
3.9200000000000004	-18.429020592532854
2.8000000000000003	-18.429020592532854
3.08	-18.91399481865214
3.64	-18.91399481865214
3.9200000000000004	-19.398969044771427
2.8000000000000003	-19.398969044771427
3.08	-19.88394327089071
3.64	-19.88394327089071
3.9200000000000004	-20.36891749701
2.8000000000000003	-20.36891749701
3.08	-20.853891723129284
3.64	-20.853891723129284
3.9200000000000004	-21.338865949248568
2.8000000000000003	-21.338865949248568
3.08	-21.823840175367852
3.64	-21.823840175367852
3.9200000000000004	-22.30881440148714
2.8000000000000003	-22.30881440148714
3.08	-22.793788627606425
3.64	-22.793788627606425
3.9200000000000004	-23.278762853725713
2.8000000000000003	-23.278762853725713
3.08	-23.763737079844997
3.64	-23.763737079844997
3.9200000000000004	-24.248711305964285
2.8000000000000003	-24.248711305964285
3.08	-24.73368553208357
3.64	-24.73368553208357
3.9200000000000004	-25.218659758202858
2.8000000000000003	-25.218659758202858
3.08	-25.703633984322142
3.64	-25.703633984322142
3.9200000000000004	-26.188608210441426
2.8000000000000003	-26.188608210441426
3.08	-26.67358243656071
3.64	-26.67358243656071
3.9200000000000004	-27.158556662679995
2.8000000000000003	-27.158556662679995
3.08	-27.64353088879928
3.64	-27.64353088879928
3.9200000000000004	-28.128505114918568
2.8000000000000003	-28.128505114918568
3.08	-28.613479341037852
3.64	-28.613479341037852
5.600000000000001	0.0
5.320000000000001	0.48497422611928565
4.760000000000001	0.4849742261192857
4.48	6.858022075225179e-17
4.760000000000001	-0.4849742261192856
5.32	-0.4849742261192859
5.600000000000001	-0.9699484522385713
4.48	-0.9699484522385712
4.760000000000001	-1.4549226783578568
5.32	-1.4549226783578573
5.600000000000001	-1.9398969044771426
4.48	-1.9398969044771426
4.760000000000001	-2.4248711305964283
5.32	-2.4248711305964283
5.600000000000001	-2.909845356715714
4.48	-2.909845356715714
4.760000000000001	-3.394819582835
5.32	-3.394819582835
5.600000000000001	-3.879793808954285
4.48	-3.879793808954285
4.760000000000001	-4.3647680350735705
5.32	-4.364768035073571
5.600000000000001	-4.849742261192857
4.48	-4.849742261192857
4.760000000000001	-5.334716487312142
5.32	-5.334716487312143
5.600000000000001	-5.819690713431428
4.48	-5.819690713431428
4.760000000000001	-6.3046649395507135
5.32	-6.304664939550714
5.600000000000001	-6.789639165669999
4.48	-6.789639165669999
4.760000000000001	-7.274613391789284
5.32	-7.274613391789285
5.600000000000001	-7.75958761790857
4.48	-7.75958761790857
4.760000000000001	-8.244561844027857
5.32	-8.244561844027857
5.600000000000001	-8.729536070147143
4.48	-8.729536070147143
4.760000000000001	-9.214510296266429
5.32	-9.214510296266429
5.600000000000001	-9.699484522385713
4.48	-9.699484522385713
4.760000000000001	-10.184458748505
5.32	-10.184458748505
5.600000000000001	-10.669432974624284
4.48	-10.669432974624284
4.760000000000001	-11.15440720074357
5.32	-11.15440720074357
5.600000000000001	-11.639381426862856
4.48	-11.639381426862856
4.760000000000001	-12.124355652982143
5.32	-12.124355652982143
5.600000000000001	-12.609329879101429
4.48	-12.609329879101429
4.760000000000001	-13.094304105220715
5.32	-13.094304105220715
5.600000000000001	-13.579278331339998
4.48	-13.579278331339998
4.760000000000001	-14.064252557459284
5.32	-14.064252557459284
5.600000000000001	-14.549226783578568
4.48	-14.549226783578568
4.760000000000001	-15.034201009697854
5.32	-15.034201009697854
5.600000000000001	-15.51917523581714
4.48	-15.51917523581714
4.760000000000001	-16.004149461936425
5.32	-16.004149461936425
5.600000000000001	-16.489123688055713
4.48	-16.489123688055713
4.760000000000001	-16.974097914174997
5.32	-16.974097914174997
5.600000000000001	-17.459072140294285
4.48	-17.459072140294285
4.760000000000001	-17.94404636641357
5.32	-17.94404636641357
5.600000000000001	-18.429020592532854
4.48	-18.429020592532854
4.760000000000001	-18.91399481865214
5.32	-18.91399481865214
5.600000000000001	-19.398969044771427
4.48	-19.398969044771427
4.760000000000001	-19.88394327089071
5.32	-19.88394327089071
5.600000000000001	-20.36891749701
4.48	-20.36891749701
4.760000000000001	-20.853891723129284
5.32	-20.853891723129284
5.600000000000001	-21.338865949248568
4.48	-21.338865949248568
4.760000000000001	-21.823840175367852
5.32	-21.823840175367852
5.600000000000001	-22.30881440148714
4.48	-22.30881440148714
4.760000000000001	-22.793788627606425
5.32	-22.793788627606425
5.600000000000001	-23.278762853725713
4.48	-23.278762853725713
4.760000000000001	-23.763737079844997
5.32	-23.763737079844997
5.600000000000001	-24.248711305964285
4.48	-24.248711305964285
4.760000000000001	-24.73368553208357
5.32	-24.73368553208357
5.600000000000001	-25.218659758202858
4.48	-25.218659758202858
4.760000000000001	-25.703633984322142
5.32	-25.703633984322142
5.600000000000001	-26.188608210441426
4.48	-26.188608210441426
4.760000000000001	-26.67358243656071
5.32	-26.67358243656071
5.600000000000001	-27.158556662679995
4.48	-27.158556662679995
4.760000000000001	-27.64353088879928
5.32	-27.64353088879928
5.600000000000001	-28.128505114918568
4.48	-28.128505114918568
4.760000000000001	-28.613479341037852
5.32	-28.613479341037852
7.280000000000001	0.0
7.000000000000001	0.48497422611928565
6.44	0.4849742261192857
6.16	6.858022075225179e-17
6.44	-0.4849742261192856
7.0	-0.4849742261192859
7.280000000000001	-0.9699484522385713
6.16	-0.9699484522385712
6.44	-1.4549226783578568
7.0	-1.4549226783578573
7.280000000000001	-1.9398969044771426
6.16	-1.9398969044771426
6.44	-2.4248711305964283
7.0	-2.4248711305964283
7.280000000000001	-2.909845356715714
6.16	-2.909845356715714
6.44	-3.394819582835
7.0	-3.394819582835
7.280000000000001	-3.879793808954285
6.16	-3.879793808954285
6.44	-4.3647680350735705
7.0	-4.364768035073571
7.280000000000001	-4.849742261192857
6.16	-4.849742261192857
6.44	-5.334716487312142
7.0	-5.334716487312143
7.280000000000001	-5.819690713431428
6.16	-5.819690713431428
6.44	-6.3046649395507135
7.0	-6.304664939550714
7.280000000000001	-6.789639165669999
6.16	-6.789639165669999
6.44	-7.274613391789284
7.0	-7.274613391789285
7.280000000000001	-7.75958761790857
6.16	-7.75958761790857
6.44	-8.244561844027857
7.0	-8.244561844027857
7.280000000000001	-8.729536070147143
6.16	-8.729536070147143
6.44	-9.214510296266429
7.0	-9.214510296266429
7.280000000000001	-9.699484522385713
6.16	-9.699484522385713
6.44	-10.184458748505
7.0	-10.184458748505
7.280000000000001	-10.669432974624284
6.16	-10.669432974624284
6.44	-11.15440720074357
7.0	-11.15440720074357
7.280000000000001	-11.639381426862856
6.16	-11.639381426862856
6.44	-12.124355652982143
7.0	-12.124355652982143
7.280000000000001	-12.609329879101429
6.16	-12.609329879101429
6.44	-13.094304105220715
7.0	-13.094304105220715
7.280000000000001	-13.579278331339998
6.16	-13.579278331339998
6.44	-14.064252557459284
7.0	-14.064252557459284
7.280000000000001	-14.549226783578568
6.16	-14.549226783578568
6.44	-15.034201009697854
7.0	-15.034201009697854
7.280000000000001	-15.51917523581714
6.16	-15.51917523581714
6.44	-16.004149461936425
7.0	-16.004149461936425
7.280000000000001	-16.489123688055713
6.16	-16.489123688055713
6.44	-16.974097914174997
7.0	-16.974097914174997
7.280000000000001	-17.459072140294285
6.16	-17.459072140294285
6.44	-17.94404636641357
7.0	-17.94404636641357
7.280000000000001	-18.429020592532854
6.16	-18.429020592532854
6.44	-18.91399481865214
7.0	-18.91399481865214
7.280000000000001	-19.398969044771427
6.16	-19.398969044771427
6.44	-19.88394327089071
7.0	-19.88394327089071
7.280000000000001	-20.36891749701
6.16	-20.36891749701
6.44	-20.853891723129284
7.0	-20.853891723129284
7.280000000000001	-21.338865949248568
6.16	-21.338865949248568
6.44	-21.823840175367852
7.0	-21.823840175367852
7.280000000000001	-22.30881440148714
6.16	-22.30881440148714
6.44	-22.793788627606425
7.0	-22.793788627606425
7.280000000000001	-23.278762853725713
6.16	-23.278762853725713
6.44	-23.763737079844997
7.0	-23.763737079844997
7.280000000000001	-24.248711305964285
6.16	-24.248711305964285
6.44	-24.73368553208357
7.0	-24.73368553208357
7.280000000000001	-25.218659758202858
6.16	-25.218659758202858
6.44	-25.703633984322142
7.0	-25.703633984322142
7.280000000000001	-26.188608210441426
6.16	-26.188608210441426
6.44	-26.67358243656071
7.0	-26.67358243656071
7.280000000000001	-27.158556662679995
6.16	-27.158556662679995
6.44	-27.64353088879928
7.0	-27.64353088879928
7.280000000000001	-28.128505114918568
6.16	-28.128505114918568
6.44	-28.613479341037852
7.0	-28.613479341037852
8.96	0.0
8.68	0.48497422611928565
8.120000000000001	0.4849742261192857
7.84	6.858022075225179e-17
8.120000000000001	-0.4849742261192856
8.68	-0.4849742261192859
8.96	-0.9699484522385713
7.84	-0.9699484522385712
8.120000000000001	-1.4549226783578568
8.68	-1.4549226783578573
8.96	-1.9398969044771426
7.84	-1.9398969044771426
8.120000000000001	-2.4248711305964283
8.68	-2.4248711305964283
8.96	-2.909845356715714
7.84	-2.909845356715714
8.120000000000001	-3.394819582835
8.68	-3.394819582835
8.96	-3.879793808954285
7.84	-3.879793808954285
8.120000000000001	-4.3647680350735705
8.68	-4.364768035073571
8.96	-4.849742261192857
7.84	-4.849742261192857
8.120000000000001	-5.334716487312142
8.68	-5.334716487312143
8.96	-5.819690713431428
7.84	-5.819690713431428
8.120000000000001	-6.3046649395507135
8.68	-6.304664939550714
8.96	-6.789639165669999
7.84	-6.789639165669999
8.120000000000001	-7.274613391789284
8.68	-7.274613391789285
8.96	-7.75958761790857
7.84	-7.75958761790857
8.120000000000001	-8.244561844027857
8.68	-8.244561844027857
8.96	-8.729536070147143
7.84	-8.729536070147143
8.120000000000001	-9.214510296266429
8.68	-9.214510296266429
8.96	-9.699484522385713
7.84	-9.699484522385713
8.120000000000001	-10.184458748505
8.68	-10.184458748505
8.96	-10.669432974624284
7.84	-10.669432974624284
8.120000000000001	-11.15440720074357
8.68	-11.15440720074357
8.96	-11.639381426862856
7.84	-11.639381426862856
8.120000000000001	-12.124355652982143
8.68	-12.124355652982143
8.96	-12.609329879101429
7.84	-12.609329879101429
8.120000000000001	-13.094304105220715
8.68	-13.094304105220715
8.96	-13.579278331339998
7.84	-13.579278331339998
8.120000000000001	-14.064252557459284
8.68	-14.064252557459284
8.96	-14.549226783578568
7.84	-14.549226783578568
8.120000000000001	-15.034201009697854
8.68	-15.034201009697854
8.96	-15.51917523581714
7.84	-15.51917523581714
8.120000000000001	-16.004149461936425
8.68	-16.004149461936425
8.96	-16.489123688055713
7.84	-16.489123688055713
8.120000000000001	-16.974097914174997
8.68	-16.974097914174997
8.96	-17.459072140294285
7.84	-17.459072140294285
8.120000000000001	-17.94404636641357
8.68	-17.94404636641357
8.96	-18.429020592532854
7.84	-18.429020592532854
8.120000000000001	-18.91399481865214
8.68	-18.91399481865214
8.96	-19.398969044771427
7.84	-19.398969044771427
8.120000000000001	-19.88394327089071
8.68	-19.88394327089071
8.96	-20.36891749701
7.84	-20.36891749701
8.120000000000001	-20.853891723129284
8.68	-20.853891723129284
8.96	-21.338865949248568
7.84	-21.338865949248568
8.120000000000001	-21.823840175367852
8.68	-21.823840175367852
8.96	-22.30881440148714
7.84	-22.30881440148714
8.120000000000001	-22.793788627606425
8.68	-22.793788627606425
8.96	-23.278762853725713
7.84	-23.278762853725713
8.120000000000001	-23.763737079844997
8.68	-23.763737079844997
8.96	-24.248711305964285
7.84	-24.248711305964285
8.120000000000001	-24.73368553208357
8.68	-24.73368553208357
8.96	-25.218659758202858
7.84	-25.218659758202858
8.120000000000001	-25.703633984322142
8.68	-25.703633984322142
8.96	-26.188608210441426
7.84	-26.188608210441426
8.120000000000001	-26.67358243656071
8.68	-26.67358243656071
8.96	-27.158556662679995
7.84	-27.158556662679995
8.120000000000001	-27.64353088879928
8.68	-27.64353088879928
8.96	-28.128505114918568
7.84	-28.128505114918568
8.120000000000001	-28.613479341037852
8.68	-28.613479341037852
10.640000000000002	0.0
10.360000000000001	0.48497422611928565
9.800000000000002	0.4849742261192857
9.520000000000001	6.858022075225179e-17
9.8	-0.4849742261192856
10.360000000000001	-0.4849742261192859
10.640000000000002	-0.9699484522385713
9.520000000000001	-0.9699484522385712
9.8	-1.4549226783578568
10.360000000000001	-1.4549226783578573
10.640000000000002	-1.9398969044771426
9.520000000000001	-1.9398969044771426
9.8	-2.4248711305964283
10.360000000000001	-2.4248711305964283
10.640000000000002	-2.909845356715714
9.520000000000001	-2.909845356715714
9.8	-3.394819582835
10.360000000000001	-3.394819582835
10.640000000000002	-3.879793808954285
9.520000000000001	-3.879793808954285
9.8	-4.3647680350735705
10.360000000000001	-4.364768035073571
10.640000000000002	-4.849742261192857
9.520000000000001	-4.849742261192857
9.8	-5.334716487312142
10.360000000000001	-5.334716487312143
10.640000000000002	-5.819690713431428
9.520000000000001	-5.819690713431428
9.8	-6.3046649395507135
10.360000000000001	-6.304664939550714
10.640000000000002	-6.789639165669999
9.520000000000001	-6.789639165669999
9.8	-7.274613391789284
10.360000000000001	-7.274613391789285
10.640000000000002	-7.75958761790857
9.520000000000001	-7.75958761790857
9.8	-8.244561844027857
10.360000000000001	-8.244561844027857
10.640000000000002	-8.729536070147143
9.520000000000001	-8.729536070147143
9.8	-9.214510296266429
10.360000000000001	-9.214510296266429
10.640000000000002	-9.699484522385713
9.520000000000001	-9.699484522385713
9.8	-10.184458748505
10.360000000000001	-10.184458748505
10.640000000000002	-10.669432974624284
9.520000000000001	-10.669432974624284
9.8	-11.15440720074357
10.360000000000001	-11.15440720074357
10.640000000000002	-11.639381426862856
9.520000000000001	-11.639381426862856
9.8	-12.124355652982143
10.360000000000001	-12.124355652982143
10.640000000000002	-12.609329879101429
9.520000000000001	-12.609329879101429
9.8	-13.094304105220715
10.360000000000001	-13.094304105220715
10.640000000000002	-13.579278331339998
9.520000000000001	-13.579278331339998
9.8	-14.064252557459284
10.360000000000001	-14.064252557459284
10.640000000000002	-14.549226783578568
9.520000000000001	-14.549226783578568
9.8	-15.034201009697854
10.360000000000001	-15.034201009697854
10.640000000000002	-15.51917523581714
9.520000000000001	-15.51917523581714
9.8	-16.004149461936425
10.360000000000001	-16.004149461936425
10.640000000000002	-16.489123688055713
9.520000000000001	-16.489123688055713
9.8	-16.974097914174997
10.360000000000001	-16.974097914174997
10.640000000000002	-17.459072140294285
9.520000000000001	-17.459072140294285
9.8	-17.94404636641357
10.360000000000001	-17.94404636641357
10.640000000000002	-18.429020592532854
9.520000000000001	-18.429020592532854
9.8	-18.91399481865214
10.360000000000001	-18.91399481865214
10.640000000000002	-19.398969044771427
9.520000000000001	-19.398969044771427
9.8	-19.88394327089071
10.360000000000001	-19.88394327089071
10.640000000000002	-20.36891749701
9.520000000000001	-20.36891749701
9.8	-20.853891723129284
10.360000000000001	-20.853891723129284
10.640000000000002	-21.338865949248568
9.520000000000001	-21.338865949248568
9.8	-21.823840175367852
10.360000000000001	-21.823840175367852
10.640000000000002	-22.30881440148714
9.520000000000001	-22.30881440148714
9.8	-22.793788627606425
10.360000000000001	-22.793788627606425
10.640000000000002	-23.278762853725713
9.520000000000001	-23.278762853725713
9.8	-23.763737079844997
10.360000000000001	-23.763737079844997
10.640000000000002	-24.248711305964285
9.520000000000001	-24.248711305964285
9.8	-24.73368553208357
10.360000000000001	-24.73368553208357
10.640000000000002	-25.218659758202858
9.520000000000001	-25.218659758202858
9.8	-25.703633984322142
10.360000000000001	-25.703633984322142
10.640000000000002	-26.188608210441426
9.520000000000001	-26.188608210441426
9.8	-26.67358243656071
10.360000000000001	-26.67358243656071
10.640000000000002	-27.158556662679995
9.520000000000001	-27.158556662679995
9.8	-27.64353088879928
10.360000000000001	-27.64353088879928
10.640000000000002	-28.128505114918568
9.520000000000001	-28.128505114918568
9.8	-28.613479341037852
10.360000000000001	-28.613479341037852
12.320000000000002	0.0
12.040000000000001	0.48497422611928565
11.480000000000002	0.4849742261192857
11.200000000000001	6.858022075225179e-17
11.48	-0.4849742261192856
12.040000000000001	-0.4849742261192859
12.320000000000002	-0.9699484522385713
11.200000000000001	-0.9699484522385712
11.48	-1.4549226783578568
12.040000000000001	-1.4549226783578573
12.320000000000002	-1.9398969044771426
11.200000000000001	-1.9398969044771426
11.48	-2.4248711305964283
12.040000000000001	-2.4248711305964283
12.320000000000002	-2.909845356715714
11.200000000000001	-2.909845356715714
11.48	-3.394819582835
12.040000000000001	-3.394819582835
12.320000000000002	-3.879793808954285
11.200000000000001	-3.879793808954285
11.48	-4.3647680350735705
12.040000000000001	-4.364768035073571
12.320000000000002	-4.849742261192857
11.200000000000001	-4.849742261192857
11.48	-5.334716487312142
12.040000000000001	-5.334716487312143
12.320000000000002	-5.819690713431428
11.200000000000001	-5.819690713431428
11.48	-6.3046649395507135
12.040000000000001	-6.304664939550714
12.320000000000002	-6.789639165669999
11.200000000000001	-6.789639165669999
11.48	-7.274613391789284
12.040000000000001	-7.274613391789285
12.320000000000002	-7.75958761790857
11.200000000000001	-7.75958761790857
11.48	-8.244561844027857
12.040000000000001	-8.244561844027857
12.320000000000002	-8.729536070147143
11.200000000000001	-8.729536070147143
11.48	-9.214510296266429
12.040000000000001	-9.214510296266429
12.320000000000002	-9.699484522385713
11.200000000000001	-9.699484522385713
11.48	-10.184458748505
12.040000000000001	-10.184458748505
12.320000000000002	-10.669432974624284
11.200000000000001	-10.669432974624284
11.48	-11.15440720074357
12.040000000000001	-11.15440720074357
12.320000000000002	-11.639381426862856
11.200000000000001	-11.639381426862856
11.48	-12.124355652982143
12.040000000000001	-12.124355652982143
12.320000000000002	-12.609329879101429
11.200000000000001	-12.609329879101429
11.48	-13.094304105220715
12.040000000000001	-13.094304105220715
12.320000000000002	-13.579278331339998
11.200000000000001	-13.579278331339998
11.48	-14.064252557459284
12.040000000000001	-14.064252557459284
12.320000000000002	-14.549226783578568
11.200000000000001	-14.549226783578568
11.48	-15.034201009697854
12.040000000000001	-15.034201009697854
12.320000000000002	-15.51917523581714
11.200000000000001	-15.51917523581714
11.48	-16.004149461936425
12.040000000000001	-16.004149461936425
12.320000000000002	-16.489123688055713
11.200000000000001	-16.489123688055713
11.48	-16.974097914174997
12.040000000000001	-16.974097914174997
12.320000000000002	-17.459072140294285
11.200000000000001	-17.459072140294285
11.48	-17.94404636641357
12.040000000000001	-17.94404636641357
12.320000000000002	-18.429020592532854
11.200000000000001	-18.429020592532854
11.48	-18.91399481865214
12.040000000000001	-18.91399481865214
12.320000000000002	-19.398969044771427
11.200000000000001	-19.398969044771427
11.48	-19.88394327089071
12.040000000000001	-19.88394327089071
12.320000000000002	-20.36891749701
11.200000000000001	-20.36891749701
11.48	-20.853891723129284
12.040000000000001	-20.853891723129284
12.320000000000002	-21.338865949248568
11.200000000000001	-21.338865949248568
11.48	-21.823840175367852
12.040000000000001	-21.823840175367852
12.320000000000002	-22.30881440148714
11.200000000000001	-22.30881440148714
11.48	-22.793788627606425
12.040000000000001	-22.793788627606425
12.320000000000002	-23.278762853725713
11.200000000000001	-23.278762853725713
11.48	-23.763737079844997
12.040000000000001	-23.763737079844997
12.320000000000002	-24.248711305964285
11.200000000000001	-24.248711305964285
11.48	-24.73368553208357
12.040000000000001	-24.73368553208357
12.320000000000002	-25.218659758202858
11.200000000000001	-25.218659758202858
11.48	-25.703633984322142
12.040000000000001	-25.703633984322142
12.320000000000002	-26.188608210441426
11.200000000000001	-26.188608210441426
11.48	-26.67358243656071
12.040000000000001	-26.67358243656071
12.320000000000002	-27.158556662679995
11.200000000000001	-27.158556662679995
11.48	-27.64353088879928
12.040000000000001	-27.64353088879928
12.320000000000002	-28.128505114918568
11.200000000000001	-28.128505114918568
11.48	-28.613479341037852
12.040000000000001	-28.613479341037852
14.000000000000002	0.0
13.72	0.48497422611928565
13.160000000000002	0.4849742261192857
12.88	6.858022075225179e-17
13.16	-0.4849742261192856
13.72	-0.4849742261192859
14.000000000000002	-0.9699484522385713
12.88	-0.9699484522385712
13.16	-1.4549226783578568
13.72	-1.4549226783578573
14.000000000000002	-1.9398969044771426
12.88	-1.9398969044771426
13.16	-2.4248711305964283
13.72	-2.4248711305964283
14.000000000000002	-2.909845356715714
12.88	-2.909845356715714
13.16	-3.394819582835
13.72	-3.394819582835
14.000000000000002	-3.879793808954285
12.88	-3.879793808954285
13.16	-4.3647680350735705
13.72	-4.364768035073571
14.000000000000002	-4.849742261192857
12.88	-4.849742261192857
13.16	-5.334716487312142
13.72	-5.334716487312143
14.000000000000002	-5.819690713431428
12.88	-5.819690713431428
13.16	-6.3046649395507135
13.72	-6.304664939550714
14.000000000000002	-6.789639165669999
12.88	-6.789639165669999
13.16	-7.274613391789284
13.72	-7.274613391789285
14.000000000000002	-7.75958761790857
12.88	-7.75958761790857
13.16	-8.244561844027857
13.72	-8.244561844027857
14.000000000000002	-8.729536070147143
12.88	-8.729536070147143
13.16	-9.214510296266429
13.72	-9.214510296266429
14.000000000000002	-9.699484522385713
12.88	-9.699484522385713
13.16	-10.184458748505
13.72	-10.184458748505
14.000000000000002	-10.669432974624284
12.88	-10.669432974624284
13.16	-11.15440720074357
13.72	-11.15440720074357
14.000000000000002	-11.639381426862856
12.88	-11.639381426862856
13.16	-12.124355652982143
13.72	-12.124355652982143
14.000000000000002	-12.609329879101429
12.88	-12.609329879101429
13.16	-13.094304105220715
13.72	-13.094304105220715
14.000000000000002	-13.579278331339998
12.88	-13.579278331339998
13.16	-14.064252557459284
13.72	-14.064252557459284
14.000000000000002	-14.549226783578568
12.88	-14.549226783578568
13.16	-15.034201009697854
13.72	-15.034201009697854
14.000000000000002	-15.51917523581714
12.88	-15.51917523581714
13.16	-16.004149461936425
13.72	-16.004149461936425
14.000000000000002	-16.489123688055713
12.88	-16.489123688055713
13.16	-16.974097914174997
13.72	-16.974097914174997
14.000000000000002	-17.459072140294285
12.88	-17.459072140294285
13.16	-17.94404636641357
13.72	-17.94404636641357
14.000000000000002	-18.429020592532854
12.88	-18.429020592532854
13.16	-18.91399481865214
13.72	-18.91399481865214
14.000000000000002	-19.398969044771427
12.88	-19.398969044771427
13.16	-19.88394327089071
13.72	-19.88394327089071
14.000000000000002	-20.36891749701
12.88	-20.36891749701
13.16	-20.853891723129284
13.72	-20.853891723129284
14.000000000000002	-21.338865949248568
12.88	-21.338865949248568
13.16	-21.823840175367852
13.72	-21.823840175367852
14.000000000000002	-22.30881440148714
12.88	-22.30881440148714
13.16	-22.793788627606425
13.72	-22.793788627606425
14.000000000000002	-23.278762853725713
12.88	-23.278762853725713
13.16	-23.763737079844997
13.72	-23.763737079844997
14.000000000000002	-24.248711305964285
12.88	-24.248711305964285
13.16	-24.73368553208357
13.72	-24.73368553208357
14.000000000000002	-25.218659758202858
12.88	-25.218659758202858
13.16	-25.703633984322142
13.72	-25.703633984322142
14.000000000000002	-26.188608210441426
12.88	-26.188608210441426
13.16	-26.67358243656071
13.72	-26.67358243656071
14.000000000000002	-27.158556662679995
12.88	-27.158556662679995
13.16	-27.64353088879928
13.72	-27.64353088879928
14.000000000000002	-28.128505114918568
12.88	-28.128505114918568
13.16	-28.613479341037852
13.72	-28.613479341037852
15.680000000000001	0.0
15.4	0.48497422611928565
14.840000000000002	0.4849742261192857
14.56	6.858022075225179e-17
14.84	-0.4849742261192856
15.4	-0.4849742261192859
15.680000000000001	-0.9699484522385713
14.56	-0.9699484522385712
14.84	-1.4549226783578568
15.4	-1.4549226783578573
15.680000000000001	-1.9398969044771426
14.56	-1.9398969044771426
14.84	-2.4248711305964283
15.4	-2.4248711305964283
15.680000000000001	-2.909845356715714
14.56	-2.909845356715714
14.84	-3.394819582835
15.4	-3.394819582835
15.680000000000001	-3.879793808954285
14.56	-3.879793808954285
14.84	-4.3647680350735705
15.4	-4.364768035073571
15.680000000000001	-4.849742261192857
14.56	-4.849742261192857
14.84	-5.334716487312142
15.4	-5.334716487312143
15.680000000000001	-5.819690713431428
14.56	-5.819690713431428
14.84	-6.3046649395507135
15.4	-6.304664939550714
15.680000000000001	-6.789639165669999
14.56	-6.789639165669999
14.84	-7.274613391789284
15.4	-7.274613391789285
15.680000000000001	-7.75958761790857
14.56	-7.75958761790857
14.84	-8.244561844027857
15.4	-8.244561844027857
15.680000000000001	-8.729536070147143
14.56	-8.729536070147143
14.84	-9.214510296266429
15.4	-9.214510296266429
15.680000000000001	-9.699484522385713
14.56	-9.699484522385713
14.84	-10.184458748505
15.4	-10.184458748505
15.680000000000001	-10.669432974624284
14.56	-10.669432974624284
14.84	-11.15440720074357
15.4	-11.15440720074357
15.680000000000001	-11.639381426862856
14.56	-11.639381426862856
14.84	-12.124355652982143
15.4	-12.124355652982143
15.680000000000001	-12.609329879101429
14.56	-12.609329879101429
14.84	-13.094304105220715
15.4	-13.094304105220715
15.680000000000001	-13.579278331339998
14.56	-13.579278331339998
14.84	-14.064252557459284
15.4	-14.064252557459284
15.680000000000001	-14.549226783578568
14.56	-14.549226783578568
14.84	-15.034201009697854
15.4	-15.034201009697854
15.680000000000001	-15.51917523581714
14.56	-15.51917523581714
14.84	-16.004149461936425
15.4	-16.004149461936425
15.680000000000001	-16.489123688055713
14.56	-16.489123688055713
14.84	-16.974097914174997
15.4	-16.974097914174997
15.680000000000001	-17.459072140294285
14.56	-17.459072140294285
14.84	-17.94404636641357
15.4	-17.94404636641357
15.680000000000001	-18.429020592532854
14.56	-18.429020592532854
14.84	-18.91399481865214
15.4	-18.91399481865214
15.680000000000001	-19.398969044771427
14.56	-19.398969044771427
14.84	-19.88394327089071
15.4	-19.88394327089071
15.680000000000001	-20.36891749701
14.56	-20.36891749701
14.84	-20.853891723129284
15.4	-20.853891723129284
15.680000000000001	-21.338865949248568
14.56	-21.338865949248568
14.84	-21.823840175367852
15.4	-21.823840175367852
15.680000000000001	-22.30881440148714
14.56	-22.30881440148714
14.84	-22.793788627606425
15.4	-22.793788627606425
15.680000000000001	-23.278762853725713
14.56	-23.278762853725713
14.84	-23.763737079844997
15.4	-23.763737079844997
15.680000000000001	-24.248711305964285
14.56	-24.248711305964285
14.84	-24.73368553208357
15.4	-24.73368553208357
15.680000000000001	-25.218659758202858
14.56	-25.218659758202858
14.84	-25.703633984322142
15.4	-25.703633984322142
15.680000000000001	-26.188608210441426
14.56	-26.188608210441426
14.84	-26.67358243656071
15.4	-26.67358243656071
15.680000000000001	-27.158556662679995
14.56	-27.158556662679995
14.84	-27.64353088879928
15.4	-27.64353088879928
15.680000000000001	-28.128505114918568
14.56	-28.128505114918568
14.84	-28.613479341037852
15.4	-28.613479341037852
17.36	0.0
17.080000000000002	0.48497422611928565
16.52	0.4849742261192857
16.240000000000002	6.858022075225179e-17
16.52	-0.4849742261192856
17.080000000000002	-0.4849742261192859
17.36	-0.9699484522385713
16.240000000000002	-0.9699484522385712
16.52	-1.4549226783578568
17.080000000000002	-1.4549226783578573
17.36	-1.9398969044771426
16.240000000000002	-1.9398969044771426
16.52	-2.4248711305964283
17.080000000000002	-2.4248711305964283
17.36	-2.909845356715714
16.240000000000002	-2.909845356715714
16.52	-3.394819582835
17.080000000000002	-3.394819582835
17.36	-3.879793808954285
16.240000000000002	-3.879793808954285
16.52	-4.3647680350735705
17.080000000000002	-4.364768035073571
17.36	-4.849742261192857
16.240000000000002	-4.849742261192857
16.52	-5.334716487312142
17.080000000000002	-5.334716487312143
17.36	-5.819690713431428
16.240000000000002	-5.819690713431428
16.52	-6.3046649395507135
17.080000000000002	-6.304664939550714
17.36	-6.789639165669999
16.240000000000002	-6.789639165669999
16.52	-7.274613391789284
17.080000000000002	-7.274613391789285
17.36	-7.75958761790857
16.240000000000002	-7.75958761790857
16.52	-8.244561844027857
17.080000000000002	-8.244561844027857
17.36	-8.729536070147143
16.240000000000002	-8.729536070147143
16.52	-9.214510296266429
17.080000000000002	-9.214510296266429
17.36	-9.699484522385713
16.240000000000002	-9.699484522385713
16.52	-10.184458748505
17.080000000000002	-10.184458748505
17.36	-10.669432974624284
16.240000000000002	-10.669432974624284
16.52	-11.15440720074357
17.080000000000002	-11.15440720074357
17.36	-11.639381426862856
16.240000000000002	-11.639381426862856
16.52	-12.124355652982143
17.080000000000002	-12.124355652982143
17.36	-12.609329879101429
16.240000000000002	-12.609329879101429
16.52	-13.094304105220715
17.080000000000002	-13.094304105220715
17.36	-13.579278331339998
16.240000000000002	-13.579278331339998
16.52	-14.064252557459284
17.080000000000002	-14.064252557459284
17.36	-14.549226783578568
16.240000000000002	-14.549226783578568
16.52	-15.034201009697854
17.080000000000002	-15.034201009697854
17.36	-15.51917523581714
16.240000000000002	-15.51917523581714
16.52	-16.004149461936425
17.080000000000002	-16.004149461936425
17.36	-16.489123688055713
16.240000000000002	-16.489123688055713
16.52	-16.974097914174997
17.080000000000002	-16.974097914174997
17.36	-17.459072140294285
16.240000000000002	-17.459072140294285
16.52	-17.94404636641357
17.080000000000002	-17.94404636641357
17.36	-18.429020592532854
16.240000000000002	-18.429020592532854
16.52	-18.91399481865214
17.080000000000002	-18.91399481865214
17.36	-19.398969044771427
16.240000000000002	-19.398969044771427
16.52	-19.88394327089071
17.080000000000002	-19.88394327089071
17.36	-20.36891749701
16.240000000000002	-20.36891749701
16.52	-20.853891723129284
17.080000000000002	-20.853891723129284
17.36	-21.338865949248568
16.240000000000002	-21.338865949248568
16.52	-21.823840175367852
17.080000000000002	-21.823840175367852
17.36	-22.30881440148714
16.240000000000002	-22.30881440148714
16.52	-22.793788627606425
17.080000000000002	-22.793788627606425
17.36	-23.278762853725713
16.240000000000002	-23.278762853725713
16.52	-23.763737079844997
17.080000000000002	-23.763737079844997
17.36	-24.248711305964285
16.240000000000002	-24.248711305964285
16.52	-24.73368553208357
17.080000000000002	-24.73368553208357
17.36	-25.218659758202858
16.240000000000002	-25.218659758202858
16.52	-25.703633984322142
17.080000000000002	-25.703633984322142
17.36	-26.188608210441426
16.240000000000002	-26.188608210441426
16.52	-26.67358243656071
17.080000000000002	-26.67358243656071
17.36	-27.158556662679995
16.240000000000002	-27.158556662679995
16.52	-27.64353088879928
17.080000000000002	-27.64353088879928
17.36	-28.128505114918568
16.240000000000002	-28.128505114918568
16.52	-28.613479341037852
17.080000000000002	-28.613479341037852
19.04	0.0
18.76	0.48497422611928565
18.2	0.4849742261192857
17.92	6.858022075225179e-17
18.2	-0.4849742261192856
18.76	-0.4849742261192859
19.04	-0.9699484522385713
17.92	-0.9699484522385712
18.2	-1.4549226783578568
18.76	-1.4549226783578573
19.04	-1.9398969044771426
17.92	-1.9398969044771426
18.2	-2.4248711305964283
18.76	-2.4248711305964283
19.04	-2.909845356715714
17.92	-2.909845356715714
18.2	-3.394819582835
18.76	-3.394819582835
19.04	-3.879793808954285
17.92	-3.879793808954285
18.2	-4.3647680350735705
18.76	-4.364768035073571
19.04	-4.849742261192857
17.92	-4.849742261192857
18.2	-5.334716487312142
18.76	-5.334716487312143
19.04	-5.819690713431428
17.92	-5.819690713431428
18.2	-6.3046649395507135
18.76	-6.304664939550714
19.04	-6.789639165669999
17.92	-6.789639165669999
18.2	-7.274613391789284
18.76	-7.274613391789285
19.04	-7.75958761790857
17.92	-7.75958761790857
18.2	-8.244561844027857
18.76	-8.244561844027857
19.04	-8.729536070147143
17.92	-8.729536070147143
18.2	-9.214510296266429
18.76	-9.214510296266429
19.04	-9.699484522385713
17.92	-9.699484522385713
18.2	-10.184458748505
18.76	-10.184458748505
19.04	-10.669432974624284
17.92	-10.669432974624284
18.2	-11.15440720074357
18.76	-11.15440720074357
19.04	-11.639381426862856
17.92	-11.639381426862856
18.2	-12.124355652982143
18.76	-12.124355652982143
19.04	-12.609329879101429
17.92	-12.609329879101429
18.2	-13.094304105220715
18.76	-13.094304105220715
19.04	-13.579278331339998
17.92	-13.579278331339998
18.2	-14.064252557459284
18.76	-14.064252557459284
19.04	-14.549226783578568
17.92	-14.549226783578568
18.2	-15.034201009697854
18.76	-15.034201009697854
19.04	-15.51917523581714
17.92	-15.51917523581714
18.2	-16.004149461936425
18.76	-16.004149461936425
19.04	-16.489123688055713
17.92	-16.489123688055713
18.2	-16.974097914174997
18.76	-16.974097914174997
19.04	-17.459072140294285
17.92	-17.459072140294285
18.2	-17.94404636641357
18.76	-17.94404636641357
19.04	-18.429020592532854
17.92	-18.429020592532854
18.2	-18.91399481865214
18.76	-18.91399481865214
19.04	-19.398969044771427
17.92	-19.398969044771427
18.2	-19.88394327089071
18.76	-19.88394327089071
19.04	-20.36891749701
17.92	-20.36891749701
18.2	-20.853891723129284
18.76	-20.853891723129284
19.04	-21.338865949248568
17.92	-21.338865949248568
18.2	-21.823840175367852
18.76	-21.823840175367852
19.04	-22.30881440148714
17.92	-22.30881440148714
18.2	-22.793788627606425
18.76	-22.793788627606425
19.04	-23.278762853725713
17.92	-23.278762853725713
18.2	-23.763737079844997
18.76	-23.763737079844997
19.04	-24.248711305964285
17.92	-24.248711305964285
18.2	-24.73368553208357
18.76	-24.73368553208357
19.04	-25.218659758202858
17.92	-25.218659758202858
18.2	-25.703633984322142
18.76	-25.703633984322142
19.04	-26.188608210441426
17.92	-26.188608210441426
18.2	-26.67358243656071
18.76	-26.67358243656071
19.04	-27.158556662679995
17.92	-27.158556662679995
18.2	-27.64353088879928
18.76	-27.64353088879928
19.04	-28.128505114918568
17.92	-28.128505114918568
18.2	-28.613479341037852
18.76	-28.613479341037852
20.720000000000002	0.0
20.440000000000005	0.48497422611928565
19.880000000000003	0.4849742261192857
19.600000000000005	6.858022075225179e-17
19.880000000000003	-0.4849742261192856
20.440000000000005	-0.4849742261192859
20.720000000000002	-0.9699484522385713
19.600000000000005	-0.9699484522385712
19.880000000000003	-1.4549226783578568
20.440000000000005	-1.4549226783578573
20.720000000000002	-1.9398969044771426
19.600000000000005	-1.9398969044771426
19.880000000000003	-2.4248711305964283
20.440000000000005	-2.4248711305964283
20.720000000000002	-2.909845356715714
19.600000000000005	-2.909845356715714
19.880000000000003	-3.394819582835
20.440000000000005	-3.394819582835
20.720000000000002	-3.879793808954285
19.600000000000005	-3.879793808954285
19.880000000000003	-4.3647680350735705
20.440000000000005	-4.364768035073571
20.720000000000002	-4.849742261192857
19.600000000000005	-4.849742261192857
19.880000000000003	-5.334716487312142
20.440000000000005	-5.334716487312143
20.720000000000002	-5.819690713431428
19.600000000000005	-5.819690713431428
19.880000000000003	-6.3046649395507135
20.440000000000005	-6.304664939550714
20.720000000000002	-6.789639165669999
19.600000000000005	-6.789639165669999
19.880000000000003	-7.274613391789284
20.440000000000005	-7.274613391789285
20.720000000000002	-7.75958761790857
19.600000000000005	-7.75958761790857
19.880000000000003	-8.244561844027857
20.440000000000005	-8.244561844027857
20.720000000000002	-8.729536070147143
19.600000000000005	-8.729536070147143
19.880000000000003	-9.214510296266429
20.440000000000005	-9.214510296266429
20.720000000000002	-9.699484522385713
19.600000000000005	-9.699484522385713
19.880000000000003	-10.184458748505
20.440000000000005	-10.184458748505
20.720000000000002	-10.669432974624284
19.600000000000005	-10.669432974624284
19.880000000000003	-11.15440720074357
20.440000000000005	-11.15440720074357
20.720000000000002	-11.639381426862856
19.600000000000005	-11.639381426862856
19.880000000000003	-12.124355652982143
20.440000000000005	-12.124355652982143
20.720000000000002	-12.609329879101429
19.600000000000005	-12.609329879101429
19.880000000000003	-13.094304105220715
20.440000000000005	-13.094304105220715
20.720000000000002	-13.579278331339998
19.600000000000005	-13.579278331339998
19.880000000000003	-14.064252557459284
20.440000000000005	-14.064252557459284
20.720000000000002	-14.549226783578568
19.600000000000005	-14.549226783578568
19.880000000000003	-15.034201009697854
20.440000000000005	-15.034201009697854
20.720000000000002	-15.51917523581714
19.600000000000005	-15.51917523581714
19.880000000000003	-16.004149461936425
20.440000000000005	-16.004149461936425
20.720000000000002	-16.489123688055713
19.600000000000005	-16.489123688055713
19.880000000000003	-16.974097914174997
20.440000000000005	-16.974097914174997
20.720000000000002	-17.459072140294285
19.600000000000005	-17.459072140294285
19.880000000000003	-17.94404636641357
20.440000000000005	-17.94404636641357
20.720000000000002	-18.429020592532854
19.600000000000005	-18.429020592532854
19.880000000000003	-18.91399481865214
20.440000000000005	-18.91399481865214
20.720000000000002	-19.398969044771427
19.600000000000005	-19.398969044771427
19.880000000000003	-19.88394327089071
20.440000000000005	-19.88394327089071
20.720000000000002	-20.36891749701
19.600000000000005	-20.36891749701
19.880000000000003	-20.853891723129284
20.440000000000005	-20.853891723129284
20.720000000000002	-21.338865949248568
19.600000000000005	-21.338865949248568
19.880000000000003	-21.823840175367852
20.440000000000005	-21.823840175367852
20.720000000000002	-22.30881440148714
19.600000000000005	-22.30881440148714
19.880000000000003	-22.793788627606425
20.440000000000005	-22.793788627606425
20.720000000000002	-23.278762853725713
19.600000000000005	-23.278762853725713
19.880000000000003	-23.763737079844997
20.440000000000005	-23.763737079844997
20.720000000000002	-24.248711305964285
19.600000000000005	-24.248711305964285
19.880000000000003	-24.73368553208357
20.440000000000005	-24.73368553208357
20.720000000000002	-25.218659758202858
19.600000000000005	-25.218659758202858
19.880000000000003	-25.703633984322142
20.440000000000005	-25.703633984322142
20.720000000000002	-26.188608210441426
19.600000000000005	-26.188608210441426
19.880000000000003	-26.67358243656071
20.440000000000005	-26.67358243656071
20.720000000000002	-27.158556662679995
19.600000000000005	-27.158556662679995
19.880000000000003	-27.64353088879928
20.440000000000005	-27.64353088879928
20.720000000000002	-28.128505114918568
19.600000000000005	-28.128505114918568
19.880000000000003	-28.613479341037852
20.440000000000005	-28.613479341037852
0.5599999999999998	-29.098453567157136
1.1199999999999997	-29.098453567157136
2.24	-29.098453567157136
2.8000000000000003	-29.098453567157136
3.92	-29.098453567157136
4.4799999999999995	-29.098453567157136
5.6000000000000005	-29.098453567157136
6.16	-29.098453567157136
7.28	-29.098453567157136
7.84	-29.098453567157136
8.96	-29.098453567157136
9.52	-29.098453567157136
10.64	-29.098453567157136
11.200000000000001	-29.098453567157136
12.32	-29.098453567157136
12.88	-29.098453567157136
14.0	-29.098453567157136
14.56	-29.098453567157136
15.68	-29.098453567157136
16.240000000000002	-29.098453567157136
17.36	-29.098453567157136
17.92	-29.098453567157136
19.04	-29.098453567157136
19.6	-29.098453567157136
