1	2	3	4	5	6
7	6	5	8	9	10
11	10	9	12	13	14
15	14	13	16	17	18
19	18	17	20	21	22
23	22	21	24	25	26
27	26	25	28	29	30
31	30	29	32	33	34
35	34	33	36	37	38
39	38	37	40	41	42
43	42	41	44	45	46
47	46	45	48	49	50
51	50	49	52	53	54
55	54	53	56	57	58
59	58	57	60	61	62
63	62	61	64	65	66
67	66	65	68	69	70
71	70	69	72	73	74
75	74	73	76	77	78
79	78	77	80	81	82
83	82	81	84	85	86
87	86	85	88	89	90
91	90	89	92	93	94
95	94	93	96	97	98
99	98	97	100	101	102
103	102	101	104	105	106
107	106	105	108	109	110
111	110	109	112	113	114
115	114	113	116	117	118
119	118	117	120	121	122
127	126	1	6	7	130
131	130	7	10	11	134
135	134	11	14	15	138
139	138	15	18	19	142
143	142	19	22	23	146
147	146	23	26	27	150
151	150	27	30	31	154
155	154	31	34	35	158
159	158	35	38	39	162
163	162	39	42	43	166
167	166	43	46	47	170
171	170	47	50	51	174
175	174	51	54	55	178
179	178	55	58	59	182
183	182	59	62	63	186
187	186	63	66	67	190
191	190	67	70	71	194
195	194	71	74	75	198
199	198	75	78	79	202
203	202	79	82	83	206
207	206	83	86	87	210
211	210	87	90	91	214
215	214	91	94	95	218
219	218	95	98	99	222
223	222	99	102	103	226
227	226	103	106	107	230
231	230	107	110	111	234
235	234	111	114	115	238
239	238	115	118	119	242
243	242	119	122	1587	1588
123	124	125	126	127	128
129	128	127	130	131	132
133	132	131	134	135	136
137	136	135	138	139	140
141	140	139	142	143	144
145	144	143	146	147	148
149	148	147	150	151	152
153	152	151	154	155	156
157	156	155	158	159	160
161	160	159	162	163	164
165	164	163	166	167	168
169	168	167	170	171	172
173	172	171	174	175	176
177	176	175	178	179	180
181	180	179	182	183	184
185	184	183	186	187	188
189	188	187	190	191	192
193	192	191	194	195	196
197	196	195	198	199	200
201	200	199	202	203	204
205	204	203	206	207	208
209	208	207	210	211	212
213	212	211	214	215	216
217	216	215	218	219	220
221	220	219	222	223	224
225	224	223	226	227	228
229	228	227	230	231	232
233	232	231	234	235	236
237	236	235	238	239	240
241	240	239	242	243	244
249	248	123	128	129	252
253	252	129	132	133	256
257	256	133	136	137	260
261	260	137	140	141	264
265	264	141	144	145	268
269	268	145	148	149	272
273	272	149	152	153	276
277	276	153	156	157	280
281	280	157	160	161	284
285	284	161	164	165	288
289	288	165	168	169	292
293	292	169	172	173	296
297	296	173	176	177	300
301	300	177	180	181	304
305	304	181	184	185	308
309	308	185	188	189	312
313	312	189	192	193	316
317	316	193	196	197	320
321	320	197	200	201	324
325	324	201	204	205	328
329	328	205	208	209	332
333	332	209	212	213	336
337	336	213	216	217	340
341	340	217	220	221	344
345	344	221	224	225	348
349	348	225	228	229	352
353	352	229	232	233	356
357	356	233	236	237	360
361	360	237	240	241	364
365	364	241	244	1589	1590
245	246	247	248	249	250
251	250	249	252	253	254
255	254	253	256	257	258
259	258	257	260	261	262
263	262	261	264	265	266
267	266	265	268	269	270
271	270	269	272	273	274
275	274	273	276	277	278
279	278	277	280	281	282
283	282	281	284	285	286
287	286	285	288	289	290
291	290	289	292	293	294
295	294	293	296	297	298
299	298	297	300	301	302
303	302	301	304	305	306
307	306	305	308	309	310
311	310	309	312	313	314
315	314	313	316	317	318
319	318	317	320	321	322
323	322	321	324	325	326
327	326	325	328	329	330
331	330	329	332	333	334
335	334	333	336	337	338
339	338	337	340	341	342
343	342	341	344	345	346
347	346	345	348	349	350
351	350	349	352	353	354
355	354	353	356	357	358
359	358	357	360	361	362
363	362	361	364	365	366
371	370	245	250	251	374
375	374	251	254	255	378
379	378	255	258	259	382
383	382	259	262	263	386
387	386	263	266	267	390
391	390	267	270	271	394
395	394	271	274	275	398
399	398	275	278	279	402
403	402	279	282	283	406
407	406	283	286	287	410
411	410	287	290	291	414
415	414	291	294	295	418
419	418	295	298	299	422
423	422	299	302	303	426
427	426	303	306	307	430
431	430	307	310	311	434
435	434	311	314	315	438
439	438	315	318	319	442
443	442	319	322	323	446
447	446	323	326	327	450
451	450	327	330	331	454
455	454	331	334	335	458
459	458	335	338	339	462
463	462	339	342	343	466
467	466	343	346	347	470
471	470	347	350	351	474
475	474	351	354	355	478
479	478	355	358	359	482
483	482	359	362	363	486
487	486	363	366	1591	1592
367	368	369	370	371	372
373	372	371	374	375	376
377	376	375	378	379	380
381	380	379	382	383	384
385	384	383	386	387	388
389	388	387	390	391	392
393	392	391	394	395	396
397	396	395	398	399	400
401	400	399	402	403	404
405	404	403	406	407	408
409	408	407	410	411	412
413	412	411	414	415	416
417	416	415	418	419	420
421	420	419	422	423	424
425	424	423	426	427	428
429	428	427	430	431	432
433	432	431	434	435	436
437	436	435	438	439	440
441	440	439	442	443	444
445	444	443	446	447	448
449	448	447	450	451	452
453	452	451	454	455	456
457	456	455	458	459	460
461	460	459	462	463	464
465	464	463	466	467	468
469	468	467	470	471	472
473	472	471	474	475	476
477	476	475	478	479	480
481	480	479	482	483	484
485	484	483	486	487	488
493	492	367	372	373	496
497	496	373	376	377	500
501	500	377	380	381	504
505	504	381	384	385	508
509	508	385	388	389	512
513	512	389	392	393	516
517	516	393	396	397	520
521	520	397	400	401	524
525	524	401	404	405	528
529	528	405	408	409	532
533	532	409	412	413	536
537	536	413	416	417	540
541	540	417	420	421	544
545	544	421	424	425	548
549	548	425	428	429	552
553	552	429	432	433	556
557	556	433	436	437	560
561	560	437	440	441	564
565	564	441	444	445	568
569	568	445	448	449	572
573	572	449	452	453	576
577	576	453	456	457	580
581	580	457	460	461	584
585	584	461	464	465	588
589	588	465	468	469	592
593	592	469	472	473	596
597	596	473	476	477	600
601	600	477	480	481	604
605	604	481	484	485	608
609	608	485	488	1593	1594
489	490	491	492	493	494
495	494	493	496	497	498
499	498	497	500	501	502
503	502	501	504	505	506
507	506	505	508	509	510
511	510	509	512	513	514
515	514	513	516	517	518
519	518	517	520	521	522
523	522	521	524	525	526
527	526	525	528	529	530
531	530	529	532	533	534
535	534	533	536	537	538
539	538	537	540	541	542
543	542	541	544	545	546
547	546	545	548	549	550
551	550	549	552	553	554
555	554	553	556	557	558
559	558	557	560	561	562
563	562	561	564	565	566
567	566	565	568	569	570
571	570	569	572	573	574
575	574	573	576	577	578
579	578	577	580	581	582
583	582	581	584	585	586
587	586	585	588	589	590
591	590	589	592	593	594
595	594	593	596	597	598
599	598	597	600	601	602
603	602	601	604	605	606
607	606	605	608	609	610
615	614	489	494	495	618
619	618	495	498	499	622
623	622	499	502	503	626
627	626	503	506	507	630
631	630	507	510	511	634
635	634	511	514	515	638
639	638	515	518	519	642
643	642	519	522	523	646
647	646	523	526	527	650
651	650	527	530	531	654
655	654	531	534	535	658
659	658	535	538	539	662
663	662	539	542	543	666
667	666	543	546	547	670
671	670	547	550	551	674
675	674	551	554	555	678
679	678	555	558	559	682
683	682	559	562	563	686
687	686	563	566	567	690
691	690	567	570	571	694
695	694	571	574	575	698
699	698	575	578	579	702
703	702	579	582	583	706
707	706	583	586	587	710
711	710	587	590	591	714
715	714	591	594	595	718
719	718	595	598	599	722
723	722	599	602	603	726
727	726	603	606	607	730
731	730	607	610	1595	1596
611	612	613	614	615	616
617	616	615	618	619	620
621	620	619	622	623	624
625	624	623	626	627	628
629	628	627	630	631	632
633	632	631	634	635	636
637	636	635	638	639	640
641	640	639	642	643	644
645	644	643	646	647	648
649	648	647	650	651	652
653	652	651	654	655	656
657	656	655	658	659	660
661	660	659	662	663	664
665	664	663	666	667	668
669	668	667	670	671	672
673	672	671	674	675	676
677	676	675	678	679	680
681	680	679	682	683	684
685	684	683	686	687	688
689	688	687	690	691	692
693	692	691	694	695	696
697	696	695	698	699	700
701	700	699	702	703	704
705	704	703	706	707	708
709	708	707	710	711	712
713	712	711	714	715	716
717	716	715	718	719	720
721	720	719	722	723	724
725	724	723	726	727	728
729	728	727	730	731	732
737	736	611	616	617	740
741	740	617	620	621	744
745	744	621	624	625	748
749	748	625	628	629	752
753	752	629	632	633	756
757	756	633	636	637	760
761	760	637	640	641	764
765	764	641	644	645	768
769	768	645	648	649	772
773	772	649	652	653	776
777	776	653	656	657	780
781	780	657	660	661	784
785	784	661	664	665	788
789	788	665	668	669	792
793	792	669	672	673	796
797	796	673	676	677	800
801	800	677	680	681	804
805	804	681	684	685	808
809	808	685	688	689	812
813	812	689	692	693	816
817	816	693	696	697	820
821	820	697	700	701	824
825	824	701	704	705	828
829	828	705	708	709	832
833	832	709	712	713	836
837	836	713	716	717	840
841	840	717	720	721	844
845	844	721	724	725	848
849	848	725	728	729	852
853	852	729	732	1597	1598
733	734	735	736	737	738
739	738	737	740	741	742
743	742	741	744	745	746
747	746	745	748	749	750
751	750	749	752	753	754
755	754	753	756	757	758
759	758	757	760	761	762
763	762	761	764	765	766
767	766	765	768	769	770
771	770	769	772	773	774
775	774	773	776	777	778
779	778	777	780	781	782
783	782	781	784	785	786
787	786	785	788	789	790
791	790	789	792	793	794
795	794	793	796	797	798
799	798	797	800	801	802
803	802	801	804	805	806
807	806	805	808	809	810
811	810	809	812	813	814
815	814	813	816	817	818
819	818	817	820	821	822
823	822	821	824	825	826
827	826	825	828	829	830
831	830	829	832	833	834
835	834	833	836	837	838
839	838	837	840	841	842
843	842	841	844	845	846
847	846	845	848	849	850
851	850	849	852	853	854
859	858	733	738	739	862
863	862	739	742	743	866
867	866	743	746	747	870
871	870	747	750	751	874
875	874	751	754	755	878
879	878	755	758	759	882
883	882	759	762	763	886
887	886	763	766	767	890
891	890	767	770	771	894
895	894	771	774	775	898
899	898	775	778	779	902
903	902	779	782	783	906
907	906	783	786	787	910
911	910	787	790	791	914
915	914	791	794	795	918
919	918	795	798	799	922
923	922	799	802	803	926
927	926	803	806	807	930
931	930	807	810	811	934
935	934	811	814	815	938
939	938	815	818	819	942
943	942	819	822	823	946
947	946	823	826	827	950
951	950	827	830	831	954
955	954	831	834	835	958
959	958	835	838	839	962
963	962	839	842	843	966
967	966	843	846	847	970
971	970	847	850	851	974
975	974	851	854	1599	1600
855	856	857	858	859	860
861	860	859	862	863	864
865	864	863	866	867	868
869	868	867	870	871	872
873	872	871	874	875	876
877	876	875	878	879	880
881	880	879	882	883	884
885	884	883	886	887	888
889	888	887	890	891	892
893	892	891	894	895	896
897	896	895	898	899	900
901	900	899	902	903	904
905	904	903	906	907	908
909	908	907	910	911	912
913	912	911	914	915	916
917	916	915	918	919	920
921	920	919	922	923	924
925	924	923	926	927	928
929	928	927	930	931	932
933	932	931	934	935	936
937	936	935	938	939	940
941	940	939	942	943	944
945	944	943	946	947	948
949	948	947	950	951	952
953	952	951	954	955	956
957	956	955	958	959	960
961	960	959	962	963	964
965	964	963	966	967	968
969	968	967	970	971	972
973	972	971	974	975	976
981	980	855	860	861	984
985	984	861	864	865	988
989	988	865	868	869	992
993	992	869	872	873	996
997	996	873	876	877	1000
1001	1000	877	880	881	1004
1005	1004	881	884	885	1008
1009	1008	885	888	889	1012
1013	1012	889	892	893	1016
1017	1016	893	896	897	1020
1021	1020	897	900	901	1024
1025	1024	901	904	905	1028
1029	1028	905	908	909	1032
1033	1032	909	912	913	1036
1037	1036	913	916	917	1040
1041	1040	917	920	921	1044
1045	1044	921	924	925	1048
1049	1048	925	928	929	1052
1053	1052	929	932	933	1056
1057	1056	933	936	937	1060
1061	1060	937	940	941	1064
1065	1064	941	944	945	1068
1069	1068	945	948	949	1072
1073	1072	949	952	953	1076
1077	1076	953	956	957	1080
1081	1080	957	960	961	1084
1085	1084	961	964	965	1088
1089	1088	965	968	969	1092
1093	1092	969	972	973	1096
1097	1096	973	976	1601	1602
977	978	979	980	981	982
983	982	981	984	985	986
987	986	985	988	989	990
991	990	989	992	993	994
995	994	993	996	997	998
999	998	997	1000	1001	1002
1003	1002	1001	1004	1005	1006
1007	1006	1005	1008	1009	1010
1011	1010	1009	1012	1013	1014
1015	1014	1013	1016	1017	1018
1019	1018	1017	1020	1021	1022
1023	1022	1021	1024	1025	1026
1027	1026	1025	1028	1029	1030
1031	1030	1029	1032	1033	1034
1035	1034	1033	1036	1037	1038
1039	1038	1037	1040	1041	1042
1043	1042	1041	1044	1045	1046
1047	1046	1045	1048	1049	1050
1051	1050	1049	1052	1053	1054
1055	1054	1053	1056	1057	1058
1059	1058	1057	1060	1061	1062
1063	1062	1061	1064	1065	1066
1067	1066	1065	1068	1069	1070
1071	1070	1069	1072	1073	1074
1075	1074	1073	1076	1077	1078
1079	1078	1077	1080	1081	1082
1083	1082	1081	1084	1085	1086
1087	1086	1085	1088	1089	1090
1091	1090	1089	1092	1093	1094
1095	1094	1093	1096	1097	1098
1103	1102	977	982	983	1106
1107	1106	983	986	987	1110
1111	1110	987	990	991	1114
1115	1114	991	994	995	1118
1119	1118	995	998	999	1122
1123	1122	999	1002	1003	1126
1127	1126	1003	1006	1007	1130
1131	1130	1007	1010	1011	1134
1135	1134	1011	1014	1015	1138
1139	1138	1015	1018	1019	1142
1143	1142	1019	1022	1023	1146
1147	1146	1023	1026	1027	1150
1151	1150	1027	1030	1031	1154
1155	1154	1031	1034	1035	1158
1159	1158	1035	1038	1039	1162
1163	1162	1039	1042	1043	1166
1167	1166	1043	1046	1047	1170
1171	1170	1047	1050	1051	1174
1175	1174	1051	1054	1055	1178
1179	1178	1055	1058	1059	1182
1183	1182	1059	1062	1063	1186
1187	1186	1063	1066	1067	1190
1191	1190	1067	1070	1071	1194
1195	1194	1071	1074	1075	1198
1199	1198	1075	1078	1079	1202
1203	1202	1079	1082	1083	1206
1207	1206	1083	1086	1087	1210
1211	1210	1087	1090	1091	1214
1215	1214	1091	1094	1095	1218
1219	1218	1095	1098	1603	1604
1099	1100	1101	1102	1103	1104
1105	1104	1103	1106	1107	1108
1109	1108	1107	1110	1111	1112
1113	1112	1111	1114	1115	1116
1117	1116	1115	1118	1119	1120
1121	1120	1119	1122	1123	1124
1125	1124	1123	1126	1127	1128
1129	1128	1127	1130	1131	1132
1133	1132	1131	1134	1135	1136
1137	1136	1135	1138	1139	1140
1141	1140	1139	1142	1143	1144
1145	1144	1143	1146	1147	1148
1149	1148	1147	1150	1151	1152
1153	1152	1151	1154	1155	1156
1157	1156	1155	1158	1159	1160
1161	1160	1159	1162	1163	1164
1165	1164	1163	1166	1167	1168
1169	1168	1167	1170	1171	1172
1173	1172	1171	1174	1175	1176
1177	1176	1175	1178	1179	1180
1181	1180	1179	1182	1183	1184
1185	1184	1183	1186	1187	1188
1189	1188	1187	1190	1191	1192
1193	1192	1191	1194	1195	1196
1197	1196	1195	1198	1199	1200
1201	1200	1199	1202	1203	1204
1205	1204	1203	1206	1207	1208
1209	1208	1207	1210	1211	1212
1213	1212	1211	1214	1215	1216
1217	1216	1215	1218	1219	1220
1225	1224	1099	1104	1105	1228
1229	1228	1105	1108	1109	1232
1233	1232	1109	1112	1113	1236
1237	1236	1113	1116	1117	1240
1241	1240	1117	1120	1121	1244
1245	1244	1121	1124	1125	1248
1249	1248	1125	1128	1129	1252
1253	1252	1129	1132	1133	1256
1257	1256	1133	1136	1137	1260
1261	1260	1137	1140	1141	1264
1265	1264	1141	1144	1145	1268
1269	1268	1145	1148	1149	1272
1273	1272	1149	1152	1153	1276
1277	1276	1153	1156	1157	1280
1281	1280	1157	1160	1161	1284
1285	1284	1161	1164	1165	1288
1289	1288	1165	1168	1169	1292
1293	1292	1169	1172	1173	1296
1297	1296	1173	1176	1177	1300
1301	1300	1177	1180	1181	1304
1305	1304	1181	1184	1185	1308
1309	1308	1185	1188	1189	1312
1313	1312	1189	1192	1193	1316
1317	1316	1193	1196	1197	1320
1321	1320	1197	1200	1201	1324
1325	1324	1201	1204	1205	1328
1329	1328	1205	1208	1209	1332
1333	1332	1209	1212	1213	1336
1337	1336	1213	1216	1217	1340
1341	1340	1217	1220	1605	1606
1221	1222	1223	1224	1225	1226
1227	1226	1225	1228	1229	1230
1231	1230	1229	1232	1233	1234
1235	1234	1233	1236	1237	1238
1239	1238	1237	1240	1241	1242
1243	1242	1241	1244	1245	1246
1247	1246	1245	1248	1249	1250
1251	1250	1249	1252	1253	1254
1255	1254	1253	1256	1257	1258
1259	1258	1257	1260	1261	1262
1263	1262	1261	1264	1265	1266
1267	1266	1265	1268	1269	1270
1271	1270	1269	1272	1273	1274
1275	1274	1273	1276	1277	1278
1279	1278	1277	1280	1281	1282
1283	1282	1281	1284	1285	1286
1287	1286	1285	1288	1289	1290
1291	1290	1289	1292	1293	1294
1295	1294	1293	1296	1297	1298
1299	1298	1297	1300	1301	1302
1303	1302	1301	1304	1305	1306
1307	1306	1305	1308	1309	1310
1311	1310	1309	1312	1313	1314
1315	1314	1313	1316	1317	1318
1319	1318	1317	1320	1321	1322
1323	1322	1321	1324	1325	1326
1327	1326	1325	1328	1329	1330
1331	1330	1329	1332	1333	1334
1335	1334	1333	1336	1337	1338
1339	1338	1337	1340	1341	1342
1347	1346	1221	1226	1227	1350
1351	1350	1227	1230	1231	1354
1355	1354	1231	1234	1235	1358
1359	1358	1235	1238	1239	1362
1363	1362	1239	1242	1243	1366
1367	1366	1243	1246	1247	1370
1371	1370	1247	1250	1251	1374
1375	1374	1251	1254	1255	1378
1379	1378	1255	1258	1259	1382
1383	1382	1259	1262	1263	1386
1387	1386	1263	1266	1267	1390
1391	1390	1267	1270	1271	1394
1395	1394	1271	1274	1275	1398
1399	1398	1275	1278	1279	1402
1403	1402	1279	1282	1283	1406
1407	1406	1283	1286	1287	1410
1411	1410	1287	1290	1291	1414
1415	1414	1291	1294	1295	1418
1419	1418	1295	1298	1299	1422
1423	1422	1299	1302	1303	1426
1427	1426	1303	1306	1307	1430
1431	1430	1307	1310	1311	1434
1435	1434	1311	1314	1315	1438
1439	1438	1315	1318	1319	1442
1443	1442	1319	1322	1323	1446
1447	1446	1323	1326	1327	1450
1451	1450	1327	1330	1331	1454
1455	1454	1331	1334	1335	1458
1459	1458	1335	1338	1339	1462
1463	1462	1339	1342	1607	1608
1343	1344	1345	1346	1347	1348
1349	1348	1347	1350	1351	1352
1353	1352	1351	1354	1355	1356
1357	1356	1355	1358	1359	1360
1361	1360	1359	1362	1363	1364
1365	1364	1363	1366	1367	1368
1369	1368	1367	1370	1371	1372
1373	1372	1371	1374	1375	1376
1377	1376	1375	1378	1379	1380
1381	1380	1379	1382	1383	1384
1385	1384	1383	1386	1387	1388
1389	1388	1387	1390	1391	1392
1393	1392	1391	1394	1395	1396
1397	1396	1395	1398	1399	1400
1401	1400	1399	1402	1403	1404
1405	1404	1403	1406	1407	1408
1409	1408	1407	1410	1411	1412
1413	1412	1411	1414	1415	1416
1417	1416	1415	1418	1419	1420
1421	1420	1419	1422	1423	1424
1425	1424	1423	1426	1427	1428
1429	1428	1427	1430	1431	1432
1433	1432	1431	1434	1435	1436
1437	1436	1435	1438	1439	1440
1441	1440	1439	1442	1443	1444
1445	1444	1443	1446	1447	1448
1449	1448	1447	1450	1451	1452
1453	1452	1451	1454	1455	1456
1457	1456	1455	1458	1459	1460
1461	1460	1459	1462	1463	1464
1469	1468	1343	1348	1349	1472
1473	1472	1349	1352	1353	1476
1477	1476	1353	1356	1357	1480
1481	1480	1357	1360	1361	1484
1485	1484	1361	1364	1365	1488
1489	1488	1365	1368	1369	1492
1493	1492	1369	1372	1373	1496
1497	1496	1373	1376	1377	1500
1501	1500	1377	1380	1381	1504
1505	1504	1381	1384	1385	1508
1509	1508	1385	1388	1389	1512
1513	1512	1389	1392	1393	1516
1517	1516	1393	1396	1397	1520
1521	1520	1397	1400	1401	1524
1525	1524	1401	1404	1405	1528
1529	1528	1405	1408	1409	1532
1533	1532	1409	1412	1413	1536
1537	1536	1413	1416	1417	1540
1541	1540	1417	1420	1421	1544
1545	1544	1421	1424	1425	1548
1549	1548	1425	1428	1429	1552
1553	1552	1429	1432	1433	1556
1557	1556	1433	1436	1437	1560
1561	1560	1437	1440	1441	1564
1565	1564	1441	1444	1445	1568
1569	1568	1445	1448	1449	1572
1573	1572	1449	1452	1453	1576
1577	1576	1453	1456	1457	1580
1581	1580	1457	1460	1461	1584
1585	1584	1461	1464	1609	1610
1465	1466	1467	1468	1469	1470
1471	1470	1469	1472	1473	1474
1475	1474	1473	1476	1477	1478
1479	1478	1477	1480	1481	1482
1483	1482	1481	1484	1485	1486
1487	1486	1485	1488	1489	1490
1491	1490	1489	1492	1493	1494
1495	1494	1493	1496	1497	1498
1499	1498	1497	1500	1501	1502
1503	1502	1501	1504	1505	1506
1507	1506	1505	1508	1509	1510
1511	1510	1509	1512	1513	1514
1515	1514	1513	1516	1517	1518
1519	1518	1517	1520	1521	1522
1523	1522	1521	1524	1525	1526
1527	1526	1525	1528	1529	1530
1531	1530	1529	1532	1533	1534
1535	1534	1533	1536	1537	1538
1539	1538	1537	1540	1541	1542
1543	1542	1541	1544	1545	1546
1547	1546	1545	1548	1549	1550
1551	1550	1549	1552	1553	1554
1555	1554	1553	1556	1557	1558
1559	1558	1557	1560	1561	1562
1563	1562	1561	1564	1565	1566
1567	1566	1565	1568	1569	1570
1571	1570	1569	1572	1573	1574
1575	1574	1573	1576	1577	1578
1579	1578	1577	1580	1581	1582
1583	1582	1581	1584	1585	1586
